1.000 0.075 0.075 0.112 0.056 0.225 0.000
0.075 1.000 0.200 0.150 0.150 0.000 0.300
0.075 0.200 1.000 0.300 0.150 0.300 0.300
0.112 0.150 0.300 1.000 0.112 0.450 0.450
0.056 0.150 0.150 0.112 1.000 0.000 0.225
0.225 0.000 0.300 0.450 0.000 1.000 0.000
0.000 0.300 0.300 0.450 0.225 0.000 1.000
